T92200
T89000
T88400
T88000
T83000
T81200
T81000
T80300
T78000
T77100
T75000
T73700
T73600
T73500
T73401
T73400
T73200
T71400
T71100
T71000
T67000
T65400
T65300
T65200
T65100
T62200
T62100
T61600
T61500
T61400
T61200
T61100
T58000
T54600
T54400
T53900
T53700
T53300
T53100
T49900
T49700
T49600
T49500
T49400
T49200
T48900
T48700
T48100
T48000
T47500
T47400
T43300
T43100
T43000
T42800
T42600
T42200
T41800
T41600
T41300
T41200
T41000
T40100
T38000
T37300
T37000
T34900
T34800
T34600
T34400
T34300
T34200
T33900
T33700
T33600
T33500
T33400
T32400
T32200
T32100
T31900
T31100
T31000
T29600
T29500
T29300
T29200
T27300
T25000
T24000
T23300
T23100
T21200
T21100
T19700
T19600
T18300
T17901
T17800
T17400
T17200
T17100
T15100
T15000
T13601
T13300
T13200
T13100
T13000
T12100
T12000
T11700
T11500
T11400
T11300
T10100
P07626
990000
98011S
98010S
98009S
98008S
98007S
98005S
98004S
98003S
98001S
970271
960373
960365
960111
960056
960022
960020
950221
949979
949652
940828
940810
940802
940789
940137
940010
939186
930085
920292
920090
920063
919152
910247
910019
900120
880200
880190
869000
864000
863500
863000
862500
859000
857600
856000
854000
852100
852000
842000
841100
841000
839580
834000
832000
830065
829187
826000
821500
821422
821406
821000
820170
820150
820130
820125
820078
820036
820001
818000
814500
813000
807000
806000
805500
803000
801000
800330
800310
800300
800295
800290
800260
800250
775000
774500
773500
772000
771000
768200
768100
768000
767000
765000
764000
763000
762100
762000
760230
760170
760040
756500
756200
755000
754000
752000
750192
750087
749921
749905
749882
749866
749832
749808
749785
749769
749751
749735
749727
749688
749670
749662
749646
749638
749620
749612
749581
749573
749565
749557
749549
749507
749484
749476
749450
749395
749387
749379
749353
749345
749337
749329
749303
749052
746000
745749
745731
745715
745692
745684
745626
745618
745595
745367
745333
745228
745163
745155
745058
744000
743000
742000
740197
740100
739471
739439
739421
739413
739332
739324
739308
739293
739235
739219
739201
739099
734000
731000
729500
728000
726000
725500
725000
724800
724700
724600
724300
720490
720480
720460
720442
720441
720440
720350
720330
720310
720300
720110
720040
720019
719900
719358
719340
719332
719324
719316
719285
719277
719201
719162
719081
719015
717000
712500
709000
708620
708370
708310
708300
708270
708240
708044
707000
705000
704600
704000
703100
702000
701500
700310
700282
700281
700042
686700
685000
684000
683000
680240
680220
664000
662000
661000
660060
659500
659000
658500
657600
657200
656500
653500
653000
652500
652000
651100
651000
649147
648400
648300
648000
646254
646204
646181
646173
646157
646117
646092
646084
646068
646050
646042
646034
646026
646000
645981
645965
645954
645949
645931
645923
645907
645884
645868
645850
645826
645818
645800
645761
645745
645737
645729
645703
645680
645672
645656
645648
645630
645614
645606
645591
645583
645575
645000
644700
644600
644000
643500
643200
641000
640920
640870
640860
640850
640780
640750
640740
640224
640216
640046
639825
639299
630520
630504
630499
630473
630465
630067
629707
629163
629016
629008
629000
628882
628701
628410
628400
628330
628310
628300
628298
628290
628280
628270
628260
628250
628200
628021
628009
628008
627331
627098
626000
625000
622250
622242
622233
622187
622000
621521
621238
620850
620765
620753
620703
620672
620664
620648
620606
620591
620575
620567
620525
620494
620452
620410
620371
620101
619980
619883
619524
619346
619265
619045
614000
610520
610512
610481
610465
610457
610449
610431
610423
610415
610392
610376
610342
610334
610318
610295
610279
610261
610237
610211
608500
608000
607000
606500
605500
605000
604600
604500
601100
601000
600710
600700
600510
600500
600450
600190
600050
581000
549795
549436
549070
549054
549038
549020
549012
540199
540157
540050
540040
539211
539200
539164
539100
539075
538000
535000
534000
532500
531000
530500
530040
530000
529600
529500
529177
529119
528650
528620
528590
528570
528552
528551
528550
528540
528530
528520
528500
528480
528460
528390
528000
527700
527500
526000
524500
524100
524000
523600
523500
523200
523000
522500
521000
520109
519261
519172
519000
517000
516500
516000
515000
511000
509000
506000
503000
502500
502000
501000
500270
499600
499400
499300
499000
498800
498600
498400
494900
494200
494100
493300
493000
492500
492000
489000
488600
488520
488510
488380
488370
488320
488300
488020
488000
485600
485500
485300
485100
485000
484800
484500
484300
484100
484000
483700
483600
483500
483100
483000
482700
482002
482000
481500
480500
480480
480470
480260
480140
480082
479500
478000
477500
476500
472500
472000
471000
464500
464000
463500
462000
461000
460320
460260
442000
440000
439089
439071
436000
435000
434000
433000
431000
430043
430000
429068
429000
428000
426000
424000
422000
421700
420301
420300
420270
420250
420220
420200
420190
420022
419534
419071
419063
418700
418400
418100
417400
417200
416500
415500
415000
413500
413000
412500
412200
412100
409000
408480
408460
408450
408420
408350
408340
408330
408320
408290
408280
408260
408031
408029
408027
408026
408024
408023
408020
408019
408017
407900
407500
407000
405000
404000
403000
402900
402500
402200
402000
401900
401500
401000
400510
400430
400420
383000
380170
380140
380130
380120
380100
376000
369674
369666
369658
369624
369585
369577
369551
369543
369527
369315
369276
369145
369129
369080
369000
367000
362000
360350
360340
360330
360320
360300
360260
360055
360052
359938
359873
359865
359695
359491
359297
359247
359132
359116
359043
359035
359019
352100
352000
349941
349381
347100
347000
346000
342500
340300
340280
340260
340240
340230
340222
340214
340023
339500
339200
339174
339166
339158
339124
339116
338200
337000
336200
336000
335500
335000
334000
333500
333000
332000
331200
331000
329000
328000
327600
326000
324700
324000
323500
322800
322600
321147
321139
320990
320980
320971
320930
320900
320890
320880
320820
320780
320700
320210
320101
320080
320052
320028
319800
319700
319530
319506
319441
319255
319247
319166
319027
319000
318900
318000
316500
316000
315500
313200
311000
309500
308200
308000
307000
306000
304500
304200
304100
303600
303200
303100
302500
302400
302100
302000
301900
301700
301400
301000
300860
300840
300830
300800
300770
300760
300690
300680
300650
300570
300540
300340
300059
298900
298100
295000
292000
291024
287000
286000
285500
285000
284500
283500
283400
281753
281729
281711
281698
281664
281656
281648
281622
281606
281600
281583
281575
281559
281541
281533
281258
281200
280610
280560
280530
280520
280400
280370
279968
279942
279934
279926
279918
279895
279887
279879
279861
279853
279837
279829
279803
279798
279780
279772
279764
279756
279748
279730
279471
279463
278000
277000
271960
271944
271928
271910
271902
271871
271863
271855
271821
271782
271758
271326
271237
271229
270930
270809
270710
270168
267500
264000
263000
262000
261664
261648
261622
261614
261591
261583
261567
261559
261517
261509
261486
261478
261452
261436
260634
252665
252657
252649
252631
252615
252607
252592
252584
252576
252568
252550
252306
252259
251766
251106
250566
250160
243349
243331
243323
243315
243307
243292
243276
243250
243242
243234
243226
243153
243129
243111
243098
243080
243056
243048
243022
243014
242995
242987
242953
242945
242929
242898
242880
242872
242856
242759
242628
242377
242092
240951
240472
240456
240294
240290
240280
240270
240230
239227
237607
237592
237584
237576
237568
237542
237534
237518
237500
237495
237461
237453
237445
237437
237429
237398
237380
237372
237348
237322
237291
237283
237275
237267
237259
237241
237233
237225
237217
237209
237194
237186
237178
237160
237152
237144
237136
237128
237102
237097
237089
236994
236952
236944
236936
236897
236871
236863
236855
236847
236821
236805
236790
236782
236774
236766
236758
236740
236732
236724
236708
236685
236677
236669
236651
236643
236635
236601
236596
236588
236570
236554
236546
236538
236512
236504
236499
236473
236465
236431
236415
236376
236368
236334
236198
236114
235875
235500
235401
235249
234772
234667
234000
232796
232720
232144
232000
231512
231025
230867
230841
230728
230338
230168
230000
227000
222000
221000
220977
220951
220943
220935
220919
220896
220888
220870
220854
220846
220838
220820
220804
220781
220773
220765
220749
220731
220640
220600
220590
220570
220550
220520
220510
220500
220480
220412
220411
220383
220070
220065
220020
220010
219100
217000
211000
210794
210778
210744
210736
210710
210697
210689
210655
210639
210605
210590
210582
210574
210540
210516
209500
207500
206000
205500
205000
202000
201000
200410
200390
200360
200351
200350
200330
200280
196000
195500
195000
194000
192043
192035
192000
191966
190952
190067
190017
185000
184500
183500
182600
182500
182200
182000
181400
180740
180710
180700
180656
180648
180630
180622
180332
180330
180320
180180
180111
180101
179000
177000
176500
174500
172000
170774
170766
170740
170067
170059
167500
166500
166000
165200
165000
164000
163500
163000
162000
161100
160834
160826
160818
160575
160480
160420
160380
160370
160360
160350
160310
160290
160101
160088
160010
150619
148000
146000
142000
140389
140216
140160
140127
140061
140060
140010
137500
137000
136500
136000
135500
135000
134200
133000
131000
130902
130871
130758
130627
130570
130384
129000
125500
125200
124200
123400
123300
123000
122009
121500
120470
120455
120450
120360
120320
120305
120260
120100
120070
120060
120046
120025
120020
120000
119817
119809
119786
119760
119752
119728
119710
119702
119697
119671
119663
119655
119639
119621
119613
119590
119582
119574
119566
119558
119540
119508
119493
119338
119320
119299
119273
119265
119257
119223
119215
119192
118700
118400
118000
116500
116200
115500
113000
112182
110790
110774
110368
110287
110025
110014
110013
110012
110011
110010
110008
110006
110005
110003
110002
110001
109000
108500
108200
108000
107500
107000
30041